image_width: 320
image_height: 240
camera_name: narrow_stereo
camera_matrix:
  rows: 3
  cols: 3
  data: [277.226670, 0.000000, 162.400240, 0.000000, 277.011916, 117.516717, 0.000000, 0.000000, 1.000000]
distortion_model: plumb_bob
distortion_coefficients:
  rows: 1
  cols: 5
  data: [-0.078184, 0.108829, -0.001420, 0.000786, 0.000000]
rectification_matrix:
  rows: 3
  cols: 3
  data: [1.000000, 0.000000, 0.000000, 0.000000, 1.000000, 0.000000, 0.000000, 0.000000, 1.000000]
projection_matrix:
  rows: 3
  cols: 4
  data: [273.613983, 0.000000, 162.089417, 0.000000, 0.000000, 273.000916, 116.713638, 0.000000, 0.000000, 0.000000, 1.000000, 0.000000]
